0 0.364258 0.368164 0.060547 0.072266
0 0.465820 0.315430 0.115234 0.162109
0 0.580078 0.330078 0.070312 0.062500
0 0.533203 0.321289 0.019531 0.029297
0 0.512695 0.163086 0.134766 0.111328
0 0.666992 0.210938 0.142578 0.144531
0 0.765625 0.278320 0.078125 0.095703
0 0.757812 0.403320 0.066406 0.150391
0 0.695312 0.422852 0.023438 0.083984
0 0.709961 0.630859 0.044922 0.035156
0 0.867188 0.490234 0.046875 0.035156
0 0.544922 0.698242 0.058594 0.064453
0 0.450195 0.806641 0.064453 0.074219
0 0.334961 0.173828 0.060547 0.066406
0 0.294922 0.414062 0.015625 0.027344
