0 0.283203 0.246094 0.093750 0.082031
0 0.353516 0.193359 0.105469 0.078125
0 0.471680 0.164062 0.123047 0.105469
0 0.524414 0.327148 0.115234 0.205078
0 0.419922 0.332031 0.089844 0.054688
0 0.624023 0.373047 0.068359 0.082031
0 0.243164 0.407227 0.087891 0.134766
0 0.283203 0.636719 0.035156 0.039062
0 0.553711 0.803711 0.076172 0.072266
0 0.461914 0.708008 0.029297 0.029297
0 0.663086 0.170898 0.083984 0.076172
0 0.730469 0.349609 0.042969 0.062500
0 0.703125 0.429688 0.027344 0.066406
0 0.736328 0.689453 0.023438 0.121094
