0 0.485352 0.177734 0.064453 0.054688
0 0.349609 0.312500 0.054688 0.062500
0 0.145508 0.365234 0.037109 0.023438
0 0.172852 0.460938 0.048828 0.039062
0 0.606445 0.220703 0.037109 0.058594
0 0.413086 0.371094 0.025391 0.054688
0 0.386719 0.446289 0.035156 0.041016
0 0.435547 0.481445 0.035156 0.041016
0 0.520508 0.516602 0.033203 0.048828
0 0.521484 0.454102 0.023438 0.025391
0 0.455078 0.360352 0.015625 0.029297
0 0.649414 0.299805 0.103516 0.041016
0 0.542969 0.266602 0.019531 0.025391
0 0.515625 0.301758 0.035156 0.037109
0 0.380859 0.193359 0.031250 0.046875
0 0.409180 0.237305 0.021484 0.029297
0 0.796875 0.317383 0.039062 0.029297
0 0.760742 0.402344 0.099609 0.011719
0 0.729492 0.323242 0.013672 0.025391
