0 0.355469 0.314453 0.058594 0.066406
0 0.131836 0.364258 0.080078 0.044922
0 0.179688 0.450195 0.039062 0.021484
0 0.489258 0.177734 0.060547 0.054688
0 0.383789 0.190430 0.025391 0.041016
0 0.414062 0.234375 0.023438 0.031250
0 0.521484 0.287109 0.031250 0.039062
0 0.595703 0.216797 0.054688 0.046875
0 0.406250 0.369141 0.035156 0.046875
0 0.456055 0.361328 0.021484 0.039062
0 0.384766 0.444336 0.027344 0.044922
0 0.438477 0.480469 0.037109 0.039062
0 0.520508 0.452148 0.041016 0.033203
0 0.516602 0.516602 0.033203 0.041016
0 0.652344 0.303711 0.117188 0.033203
0 0.796875 0.315430 0.023438 0.017578
0 0.721680 0.410156 0.021484 0.050781
0 0.731445 0.326172 0.025391 0.023438
