0 0.361328 0.315430 0.042969 0.068359
0 0.151367 0.368164 0.044922 0.033203
0 0.175781 0.462891 0.027344 0.031250
0 0.380859 0.194336 0.035156 0.044922
0 0.413086 0.231445 0.017578 0.029297
0 0.489258 0.181641 0.060547 0.042969
0 0.603516 0.220703 0.039062 0.050781
0 0.411133 0.366211 0.029297 0.044922
0 0.389648 0.450195 0.033203 0.048828
0 0.446289 0.484375 0.029297 0.042969
0 0.515625 0.457031 0.023438 0.035156
0 0.519531 0.515625 0.031250 0.042969
0 0.659180 0.302734 0.091797 0.039062
0 0.542969 0.266602 0.019531 0.025391
0 0.522461 0.291992 0.041016 0.029297
0 0.798828 0.315430 0.027344 0.021484
0 0.825195 0.394531 0.025391 0.035156
0 0.780273 0.434570 0.037109 0.037109
0 0.716797 0.403320 0.023438 0.044922
0 0.728516 0.332031 0.023438 0.019531
