0 0.355469 0.315430 0.050781 0.068359
0 0.147461 0.371094 0.037109 0.023438
0 0.171875 0.460938 0.062500 0.046875
0 0.410156 0.372070 0.031250 0.048828
0 0.451172 0.365234 0.023438 0.019531
0 0.389648 0.452148 0.037109 0.052734
0 0.443359 0.482422 0.031250 0.046875
0 0.377930 0.195312 0.041016 0.042969
0 0.412109 0.232422 0.027344 0.039062
0 0.486328 0.180664 0.062500 0.056641
0 0.485352 0.257812 0.021484 0.027344
0 0.511719 0.294922 0.031250 0.031250
0 0.540039 0.262695 0.021484 0.033203
0 0.596680 0.221680 0.044922 0.048828
0 0.522461 0.457031 0.033203 0.023438
0 0.516602 0.512695 0.037109 0.044922
0 0.664062 0.309570 0.117188 0.037109
0 0.672852 0.204102 0.021484 0.017578
0 0.795898 0.316406 0.044922 0.031250
0 0.745117 0.409180 0.068359 0.025391
