0 0.375977 0.265625 0.068359 0.046875
0 0.298828 0.330078 0.050781 0.101562
0 0.259766 0.508789 0.074219 0.064453
0 0.221680 0.660156 0.052734 0.066406
0 0.591797 0.436523 0.164062 0.103516
0 0.713867 0.352539 0.083984 0.080078
0 0.569336 0.299805 0.091797 0.029297
0 0.465820 0.636719 0.119141 0.164062
0 0.328125 0.704102 0.070312 0.072266
0 0.573242 0.568359 0.072266 0.058594
0 0.744141 0.455078 0.058594 0.054688
0 0.719727 0.544922 0.048828 0.058594
0 0.756836 0.695312 0.107422 0.125000
0 0.854492 0.600586 0.064453 0.072266
