0 0.125000 0.360352 0.070312 0.033203
0 0.361328 0.308594 0.046875 0.054688
0 0.174805 0.456055 0.056641 0.044922
0 0.412109 0.368164 0.031250 0.048828
0 0.383789 0.448242 0.025391 0.044922
0 0.439453 0.478516 0.027344 0.042969
0 0.522461 0.457031 0.033203 0.035156
0 0.516602 0.521484 0.041016 0.042969
0 0.381836 0.192383 0.017578 0.037109
0 0.416016 0.232422 0.019531 0.046875
0 0.481445 0.175781 0.064453 0.054688
0 0.596680 0.227539 0.037109 0.037109
0 0.521484 0.293945 0.058594 0.037109
0 0.666016 0.299805 0.113281 0.048828
0 0.793945 0.314453 0.033203 0.027344
0 0.722656 0.404297 0.042969 0.035156
0 0.782227 0.440430 0.033203 0.037109
0 0.831055 0.400391 0.029297 0.035156
