0 0.128906 0.361328 0.078125 0.035156
0 0.181641 0.463867 0.054688 0.048828
0 0.359375 0.316406 0.066406 0.066406
0 0.378906 0.190430 0.031250 0.025391
0 0.406250 0.228516 0.039062 0.027344
0 0.477539 0.180664 0.060547 0.048828
0 0.513672 0.300781 0.042969 0.027344
0 0.544922 0.271484 0.027344 0.019531
0 0.600586 0.225586 0.044922 0.041016
0 0.648438 0.305664 0.097656 0.044922
0 0.389648 0.450195 0.021484 0.037109
0 0.434570 0.474609 0.041016 0.042969
0 0.520508 0.455078 0.033203 0.035156
0 0.516602 0.517578 0.033203 0.039062
0 0.407227 0.367188 0.029297 0.050781
0 0.451172 0.365234 0.019531 0.023438
0 0.776367 0.439453 0.033203 0.042969
0 0.831055 0.394531 0.021484 0.027344
0 0.714844 0.407227 0.027344 0.025391
0 0.797852 0.317383 0.033203 0.021484
