0 0.170898 0.539062 0.048828 0.035156
0 0.132812 0.639648 0.085938 0.017578
0 0.392578 0.552734 0.035156 0.039062
0 0.521484 0.488281 0.031250 0.031250
0 0.435547 0.516602 0.031250 0.041016
0 0.354492 0.693359 0.060547 0.050781
0 0.408203 0.634766 0.031250 0.062500
0 0.456055 0.639648 0.029297 0.041016
0 0.791016 0.564453 0.039062 0.027344
0 0.827148 0.605469 0.033203 0.027344
0 0.520508 0.543945 0.033203 0.033203
0 0.515625 0.704102 0.031250 0.033203
0 0.404297 0.768555 0.027344 0.025391
0 0.373047 0.812500 0.015625 0.054688
0 0.496094 0.823242 0.054688 0.056641
0 0.609375 0.779297 0.058594 0.042969
0 0.630859 0.704102 0.140625 0.029297
0 0.799805 0.682617 0.017578 0.025391
0 0.710938 0.594727 0.046875 0.044922
