0 0.312500 0.308594 0.105469 0.121094
0 0.576172 0.298828 0.082031 0.027344
0 0.714844 0.342773 0.082031 0.064453
0 0.575195 0.425781 0.173828 0.097656
0 0.264648 0.508789 0.095703 0.080078
0 0.305664 0.587891 0.052734 0.046875
0 0.227539 0.658203 0.072266 0.054688
0 0.753906 0.453125 0.058594 0.062500
0 0.569336 0.559570 0.076172 0.076172
0 0.454102 0.647461 0.083984 0.158203
0 0.337891 0.684570 0.070312 0.083984
0 0.725586 0.542969 0.048828 0.058594
0 0.760742 0.687500 0.119141 0.140625
0 0.851562 0.598633 0.074219 0.072266
