0 0.286133 0.350586 0.076172 0.044922
0 0.254883 0.454102 0.048828 0.044922
0 0.137695 0.613281 0.076172 0.066406
0 0.231445 0.687500 0.123047 0.101562
0 0.273438 0.550781 0.042969 0.062500
0 0.413086 0.429688 0.169922 0.082031
0 0.425781 0.565430 0.074219 0.076172
0 0.538086 0.644531 0.146484 0.164062
0 0.665039 0.703125 0.083984 0.078125
0 0.636719 0.274414 0.070312 0.048828
0 0.431641 0.303711 0.070312 0.017578
0 0.697266 0.328125 0.089844 0.105469
0 0.737305 0.503906 0.080078 0.074219
0 0.679688 0.587891 0.054688 0.046875
0 0.771484 0.649414 0.066406 0.056641
