0 0.768555 0.315430 0.099609 0.115234
0 0.208008 0.359375 0.060547 0.046875
0 0.331055 0.303711 0.083984 0.083984
0 0.497070 0.379883 0.228516 0.193359
0 0.592773 0.451172 0.103516 0.085938
0 0.267578 0.502930 0.085938 0.080078
0 0.300781 0.679688 0.074219 0.085938
0 0.370117 0.737305 0.076172 0.033203
0 0.573242 0.566406 0.166016 0.085938
0 0.856445 0.395508 0.060547 0.060547
0 0.721680 0.455078 0.048828 0.062500
0 0.742188 0.541992 0.046875 0.048828
0 0.720703 0.664062 0.062500 0.058594
0 0.567383 0.704102 0.103516 0.013672
