0 0.535156 0.181641 0.054688 0.046875
0 0.630859 0.141602 0.039062 0.041016
0 0.549805 0.389648 0.056641 0.021484
0 0.519531 0.439453 0.046875 0.035156
0 0.481445 0.517578 0.052734 0.035156
0 0.543945 0.519531 0.037109 0.023438
0 0.685547 0.370117 0.093750 0.029297
0 0.628906 0.410156 0.074219 0.027344
0 0.641602 0.447266 0.033203 0.019531
0 0.774414 0.407227 0.033203 0.025391
0 0.815430 0.381836 0.052734 0.029297
0 0.828125 0.493164 0.093750 0.044922
0 0.706055 0.517578 0.044922 0.023438
0 0.733398 0.539062 0.029297 0.023438
0 0.683594 0.658203 0.062500 0.078125
0 0.783203 0.600586 0.085938 0.033203
0 0.602539 0.718750 0.041016 0.023438
0 0.565430 0.784180 0.041016 0.048828
0 0.604492 0.833984 0.033203 0.035156
0 0.678711 0.792969 0.041016 0.023438
