0 0.239258 0.327148 0.107422 0.103516
0 0.137695 0.414062 0.080078 0.050781
0 0.271484 0.451172 0.062500 0.078125
0 0.243164 0.544922 0.080078 0.066406
0 0.406250 0.568359 0.187500 0.097656
0 0.286133 0.651367 0.083984 0.068359
0 0.534180 0.357422 0.076172 0.156250
0 0.424805 0.433594 0.103516 0.074219
0 0.658203 0.315430 0.074219 0.064453
0 0.776367 0.342773 0.083984 0.056641
0 0.737305 0.486328 0.083984 0.089844
0 0.434570 0.702148 0.072266 0.021484
0 0.674805 0.696289 0.126953 0.126953
0 0.700195 0.429688 0.076172 0.070312
