0 0.508789 0.178711 0.072266 0.060547
0 0.623047 0.185547 0.023438 0.046875
0 0.334961 0.311523 0.095703 0.025391
0 0.212891 0.325195 0.062500 0.029297
0 0.170898 0.394531 0.041016 0.039062
0 0.218750 0.443359 0.054688 0.039062
0 0.473633 0.461914 0.037109 0.025391
0 0.483398 0.520508 0.033203 0.037109
0 0.588867 0.375000 0.013672 0.062500
0 0.644531 0.313477 0.062500 0.060547
0 0.403320 0.222656 0.037109 0.035156
0 0.459961 0.273438 0.025391 0.031250
0 0.486328 0.294922 0.027344 0.031250
0 0.829102 0.455078 0.064453 0.078125
0 0.846680 0.368164 0.080078 0.037109
0 0.286133 0.395508 0.029297 0.033203
0 0.250977 0.392578 0.056641 0.031250
