0 0.394531 0.171875 0.042969 0.035156
0 0.444336 0.220703 0.044922 0.035156
0 0.317383 0.203125 0.025391 0.019531
0 0.299805 0.346680 0.029297 0.095703
0 0.218750 0.397461 0.058594 0.033203
0 0.176758 0.510742 0.064453 0.060547
0 0.277344 0.478516 0.058594 0.046875
0 0.178711 0.623047 0.044922 0.023438
0 0.226562 0.589844 0.046875 0.019531
0 0.311523 0.632812 0.080078 0.039062
0 0.368164 0.546875 0.029297 0.023438
0 0.374023 0.590820 0.056641 0.021484
0 0.456055 0.481445 0.033203 0.021484
0 0.516602 0.481445 0.048828 0.025391
0 0.482422 0.557617 0.054688 0.037109
0 0.442383 0.610352 0.068359 0.037109
0 0.461914 0.821289 0.052734 0.044922
0 0.349609 0.853516 0.027344 0.054688
