0 0.339844 0.289062 0.058594 0.054688
0 0.298828 0.428711 0.035156 0.064453
0 0.264648 0.625000 0.044922 0.058594
0 0.327148 0.708008 0.115234 0.076172
0 0.601562 0.135742 0.070312 0.060547
0 0.689453 0.233398 0.140625 0.095703
0 0.541016 0.277344 0.050781 0.039062
0 0.456055 0.261719 0.052734 0.042969
0 0.429688 0.412109 0.097656 0.152344
0 0.556641 0.423828 0.085938 0.062500
0 0.641602 0.535156 0.169922 0.117188
0 0.508789 0.738281 0.083984 0.085938
0 0.700195 0.673828 0.123047 0.050781
0 0.646484 0.784180 0.039062 0.056641
