0 0.347656 0.224609 0.062500 0.054688
0 0.314453 0.325195 0.093750 0.083984
0 0.349609 0.471680 0.199219 0.111328
0 0.432617 0.583008 0.107422 0.060547
0 0.306641 0.752930 0.132812 0.119141
0 0.494141 0.255859 0.109375 0.082031
0 0.684570 0.332031 0.142578 0.132812
0 0.731445 0.372070 0.056641 0.060547
0 0.569336 0.586914 0.103516 0.169922
0 0.457031 0.715820 0.089844 0.064453
0 0.553711 0.737305 0.041016 0.044922
0 0.388672 0.862305 0.082031 0.072266
0 0.694336 0.576172 0.044922 0.066406
0 0.654297 0.712891 0.062500 0.058594
