0 0.490234 0.177734 0.050781 0.058594
0 0.355469 0.321289 0.062500 0.068359
0 0.410156 0.374023 0.035156 0.044922
0 0.141602 0.365234 0.072266 0.031250
0 0.181641 0.466797 0.062500 0.054688
0 0.378906 0.446289 0.015625 0.041016
0 0.438477 0.479492 0.033203 0.033203
0 0.513672 0.512695 0.039062 0.048828
0 0.670898 0.314453 0.134766 0.050781
0 0.609375 0.236328 0.046875 0.066406
0 0.516602 0.290039 0.033203 0.025391
0 0.384766 0.193359 0.039062 0.027344
0 0.418945 0.229492 0.041016 0.033203
0 0.673828 0.205078 0.019531 0.023438
0 0.787109 0.313477 0.031250 0.013672
0 0.778320 0.435547 0.029297 0.035156
0 0.826172 0.392578 0.023438 0.031250
0 0.726562 0.404297 0.035156 0.046875
