0 0.482422 0.484375 0.042969 0.042969
0 0.475586 0.551758 0.033203 0.033203
0 0.215820 0.554688 0.056641 0.023438
0 0.170898 0.604492 0.037109 0.033203
0 0.338867 0.697266 0.123047 0.042969
0 0.495117 0.705078 0.041016 0.035156
0 0.402344 0.775391 0.031250 0.042969
0 0.514648 0.824219 0.052734 0.050781
0 0.592773 0.638672 0.052734 0.050781
0 0.549805 0.634766 0.029297 0.035156
0 0.563477 0.514648 0.029297 0.025391
0 0.609375 0.556641 0.039062 0.042969
0 0.652344 0.690430 0.054688 0.072266
0 0.592773 0.770508 0.033203 0.033203
0 0.824219 0.533203 0.035156 0.031250
0 0.615234 0.813477 0.027344 0.044922
0 0.853516 0.636719 0.039062 0.031250
