0 0.585938 0.250977 0.058594 0.056641
0 0.441406 0.371094 0.046875 0.062500
0 0.235352 0.497070 0.080078 0.060547
0 0.211914 0.398438 0.044922 0.039062
0 0.495117 0.432617 0.044922 0.060547
0 0.601562 0.362305 0.035156 0.033203
0 0.689453 0.316406 0.035156 0.035156
0 0.734375 0.392578 0.074219 0.058594
0 0.457031 0.499023 0.035156 0.056641
0 0.508789 0.544922 0.029297 0.042969
0 0.585938 0.583008 0.023438 0.029297
0 0.590820 0.525391 0.041016 0.035156
0 0.828125 0.524414 0.031250 0.029297
0 0.862305 0.407227 0.029297 0.025391
0 0.781250 0.487305 0.035156 0.033203
