0 0.443359 0.371094 0.050781 0.066406
0 0.493164 0.429688 0.037109 0.039062
0 0.465820 0.508789 0.037109 0.056641
0 0.250977 0.504883 0.052734 0.044922
0 0.208008 0.398438 0.072266 0.054688
0 0.585938 0.255859 0.070312 0.050781
0 0.480469 0.248047 0.027344 0.050781
0 0.504883 0.299805 0.037109 0.044922
0 0.680664 0.299805 0.060547 0.041016
0 0.724609 0.381836 0.105469 0.060547
0 0.593750 0.359375 0.042969 0.023438
0 0.633789 0.345703 0.025391 0.023438
0 0.520508 0.540039 0.033203 0.052734
0 0.591797 0.585938 0.027344 0.027344
0 0.603516 0.528320 0.027344 0.021484
0 0.867188 0.406250 0.031250 0.042969
0 0.840820 0.512695 0.130859 0.072266
