0 0.436523 0.371094 0.056641 0.058594
0 0.490234 0.424805 0.035156 0.048828
0 0.449219 0.499023 0.039062 0.048828
0 0.516602 0.541992 0.052734 0.033203
0 0.600586 0.589844 0.037109 0.046875
0 0.591797 0.250977 0.066406 0.056641
0 0.491211 0.266602 0.048828 0.072266
0 0.208008 0.405273 0.072266 0.041016
0 0.249023 0.497070 0.052734 0.056641
0 0.726562 0.385742 0.117188 0.060547
0 0.692383 0.302734 0.033203 0.039062
0 0.613281 0.352539 0.046875 0.041016
0 0.856445 0.411133 0.037109 0.029297
0 0.793945 0.542969 0.201172 0.132812
