0 0.437500 0.366211 0.058594 0.072266
0 0.487305 0.424805 0.056641 0.044922
0 0.587891 0.253906 0.074219 0.054688
0 0.473633 0.244141 0.029297 0.035156
0 0.497070 0.292969 0.037109 0.050781
0 0.678711 0.308594 0.041016 0.050781
0 0.726562 0.385742 0.097656 0.068359
0 0.238281 0.498047 0.074219 0.054688
0 0.458008 0.509766 0.044922 0.031250
0 0.515625 0.537109 0.027344 0.027344
0 0.605469 0.609375 0.066406 0.066406
0 0.597656 0.359375 0.035156 0.042969
0 0.861328 0.411133 0.042969 0.029297
0 0.821289 0.519531 0.041016 0.066406
