0 0.023438 0.472656 0.039062 0.078125
0 0.093750 0.411133 0.050781 0.044922
0 0.209961 0.352539 0.224609 0.123047
0 0.223633 0.481445 0.169922 0.099609
0 0.259766 0.634766 0.039062 0.085938
0 0.482422 0.486328 0.210938 0.125000
0 0.422852 0.687500 0.107422 0.109375
0 0.408203 0.264648 0.109375 0.111328
0 0.642578 0.262695 0.128906 0.080078
0 0.639648 0.382812 0.158203 0.078125
0 0.825195 0.341797 0.205078 0.109375
0 0.813477 0.507812 0.201172 0.175781
0 0.651367 0.521484 0.123047 0.070312
0 0.701172 0.646484 0.070312 0.117188
