0 0.103516 0.527344 0.136719 0.105469
0 0.233398 0.428711 0.083984 0.115234
0 0.419922 0.431641 0.203125 0.191406
0 0.489258 0.207031 0.041016 0.050781
0 0.553711 0.196289 0.107422 0.095703
0 0.653320 0.278320 0.056641 0.083984
0 0.788086 0.198242 0.103516 0.080078
0 0.886719 0.358398 0.171875 0.208984
0 0.673828 0.446289 0.222656 0.115234
0 0.356445 0.610352 0.173828 0.076172
0 0.540039 0.587891 0.091797 0.089844
0 0.561523 0.743164 0.095703 0.181641
0 0.626953 0.591797 0.066406 0.082031
0 0.727539 0.542969 0.048828 0.058594
0 0.744141 0.677734 0.113281 0.160156
